7.640	-1.048	0.500	-0.001
8.272	-1.838	0.500	-0.001
8.492	-0.897	0.500	-0.000
8.259	-0.877	0.500	-0.000
7.531	-1.071	0.500	-0.001
7.393	-2.079	0.500	-0.001
7.513	-0.121	0.500	-0.000
8.048	-0.626	0.500	-0.000
10.745	-1.644	0.500	-0.001
12.589	-0.013	0.500	-0.000
14.267	-1.061	0.500	-0.001
15.819	-1.728	0.500	-0.001
17.527	-1.323	0.500	-0.001
19.221	2.923	0.500	0.001
20.990	38.608	0.500	0.019
22.368	41.317	0.500	0.021
23.712	41.474	0.500	0.021
24.925	42.793	0.500	0.021
25.993	41.350	0.500	0.021
27.024	41.846	0.500	0.021
27.878	42.067	0.500	0.021
28.725	42.639	0.500	0.021
29.525	43.202	0.500	0.022
30.283	42.532	0.500	0.021
31.002	42.807	0.500	0.021
31.698	43.774	0.500	0.022
32.407	42.783	0.500	0.021
33.021	44.059	0.500	0.022
33.656	43.848	0.500	0.022
34.273	43.634	0.500	0.022
34.859	42.853	0.500	0.021
35.450	44.223	0.500	0.022
35.974	44.059	0.500	0.022
36.498	44.829	0.500	0.022
37.012	45.093	0.500	0.023
37.500	42.823	0.500	0.021
37.969	43.439	0.500	0.022
38.443	43.644	0.500	0.022
38.851	45.308	0.500	0.023
39.269	45.003	0.500	0.023
39.678	44.732	0.500	0.022
40.077	44.517	0.500	0.022
40.458	43.841	0.500	0.022
40.836	44.568	0.500	0.022
41.205	44.856	0.500	0.022
41.568	44.594	0.500	0.022
41.929	45.010	0.500	0.023
42.293	35.534	0.500	0.018
42.657	44.872	0.500	0.022
43.022	45.020	0.500	0.023
43.393	44.899	0.500	0.022
43.766	44.913	0.500	0.022
44.143	62.440	0.500	0.031
44.520	46.245	0.500	0.023
44.898	44.708	0.500	0.022
45.282	45.314	0.500	0.023
45.663	45.964	0.500	0.023
46.048	46.463	0.500	0.023
46.433	44.872	0.500	0.022
46.820	46.262	0.500	0.023
47.206	45.488	0.500	0.023
47.591	46.011	0.500	0.023
47.978	45.117	0.500	0.023
48.368	46.664	0.500	0.023
48.756	46.811	0.500	0.023
49.145	47.022	0.500	0.024
49.534	46.238	0.500	0.023
49.923	46.406	0.500	0.023
50.309	47.320	0.500	0.024
50.694	46.560	0.500	0.023
51.082	46.031	0.500	0.023
51.469	46.376	0.500	0.023
51.853	47.732	0.500	0.024
52.241	66.505	0.500	0.033
52.624	46.493	0.500	0.023
53.007	47.698	0.500	0.024
53.391	62.745	0.500	0.031
53.772	47.507	0.500	0.024
54.155	47.095	0.500	0.024
54.539	47.189	0.500	0.024
54.923	48.077	0.500	0.024
55.314	48.609	0.500	0.024
55.699	47.320	0.500	0.024
56.086	48.954	0.500	0.024
56.472	48.555	0.500	0.024
56.859	61.630	0.500	0.031
57.247	47.588	0.500	0.024
57.635	48.130	0.500	0.024
58.022	48.247	0.500	0.024
58.411	47.792	0.500	0.024
58.815	48.780	0.500	0.024
59.213	48.616	0.500	0.024
59.615	47.424	0.500	0.024
60.024	47.969	0.500	0.024
60.449	48.110	0.500	0.024
60.896	49.603	0.500	0.025
61.356	50.142	0.500	0.025
61.826	49.620	0.500	0.025
62.305	49.540	0.500	0.025
62.800	50.173	0.500	0.025
63.293	50.253	0.500	0.025
63.789	50.651	0.500	0.025
64.294	49.741	0.500	0.025
64.805	48.653	0.500	0.024
65.330	50.263	0.500	0.025
65.862	50.564	0.500	0.025
66.408	50.142	0.500	0.025
66.964	49.583	0.500	0.025
67.529	51.853	0.500	0.026
68.110	50.300	0.500	0.025
68.704	51.318	0.500	0.026
69.313	50.963	0.500	0.025
69.934	50.404	0.500	0.025
70.572	52.741	0.500	0.026
71.217	50.711	0.500	0.025
71.876	51.733	0.500	0.026
72.549	51.803	0.500	0.026
73.233	56.333	0.500	0.028
73.936	52.469	0.500	0.026
74.623	52.721	0.500	0.026
75.336	52.848	0.500	0.026
76.043	39.535	0.500	0.020
76.745	54.783	0.500	0.027
77.444	53.005	0.500	0.027
78.123	55.630	0.500	0.028
78.813	54.843	0.500	0.027
79.501	54.699	0.500	0.027
80.179	55.188	0.500	0.028
80.845	55.285	0.500	0.028
81.506	55.583	0.500	0.028
82.165	56.032	0.500	0.028
82.818	55.513	0.500	0.028
83.461	55.051	0.500	0.028
84.095	55.731	0.500	0.028
84.724	55.908	0.500	0.028
85.347	56.638	0.500	0.028
85.965	56.162	0.500	0.028
86.576	54.897	0.500	0.027
87.177	56.397	0.500	0.028
87.776	56.839	0.500	0.028
88.371	55.975	0.500	0.028
88.960	55.794	0.500	0.028
89.542	57.364	0.500	0.029
90.118	57.097	0.500	0.029
90.691	56.360	0.500	0.028
91.258	57.254	0.500	0.029
91.829	57.575	0.500	0.029
92.385	61.978	0.500	0.031
92.941	57.522	0.500	0.029
93.492	56.996	0.500	0.028
94.037	57.729	0.500	0.029
94.580	57.358	0.500	0.029
95.118	57.522	0.500	0.029
95.652	58.302	0.500	0.029
96.216	57.549	0.500	0.029
96.712	57.900	0.500	0.029
97.237	58.442	0.500	0.029
97.758	58.131	0.500	0.029
98.276	58.028	0.500	0.029
98.791	59.490	0.500	0.030
99.301	58.677	0.500	0.029
99.814	58.278	0.500	0.029
100.316	59.464	0.500	0.030
100.816	59.665	0.500	0.030
101.310	59.842	0.500	0.030
101.802	41.772	0.500	0.021
102.292	63.840	0.500	0.032
102.779	59.085	0.500	0.030
103.264	59.949	0.500	0.030
103.746	58.583	0.500	0.029
104.227	59.213	0.500	0.030
104.706	59.835	0.500	0.030
105.183	59.273	0.500	0.030
105.654	60.461	0.500	0.030
106.132	60.304	0.500	0.030
106.601	59.501	0.500	0.030
107.067	61.215	0.500	0.031
107.525	59.842	0.500	0.030
107.994	59.912	0.500	0.030
108.455	60.164	0.500	0.030
108.912	60.277	0.500	0.030
109.369	60.672	0.500	0.030
109.824	60.723	0.500	0.030
110.277	60.301	0.500	0.030
110.727	61.057	0.500	0.031
111.174	60.900	0.500	0.030
111.620	60.572	0.500	0.030
112.066	61.114	0.500	0.031
112.510	61.667	0.500	0.031
112.951	59.822	0.500	0.030
113.391	61.878	0.500	0.031
113.828	61.205	0.500	0.031
114.263	61.101	0.500	0.031
114.698	61.446	0.500	0.031
115.130	61.834	0.500	0.031
115.561	62.126	0.500	0.031
115.997	61.647	0.500	0.031
116.425	61.536	0.500	0.031
116.852	62.474	0.500	0.031
117.277	62.534	0.500	0.031
117.701	62.085	0.500	0.031
118.123	62.049	0.500	0.031
118.542	61.998	0.500	0.031
118.960	61.888	0.500	0.031
119.378	62.742	0.500	0.031
119.793	63.053	0.500	0.032
120.208	62.105	0.500	0.031
120.621	62.591	0.500	0.031
121.032	62.283	0.500	0.031
121.441	61.074	0.500	0.031
121.851	63.806	0.500	0.032
122.258	62.336	0.500	0.031
122.665	62.866	0.500	0.031
123.068	62.705	0.500	0.031
123.472	62.243	0.500	0.031
123.876	62.859	0.500	0.031
124.283	62.859	0.500	0.031
124.679	63.408	0.500	0.032
125.076	63.572	0.500	0.032
125.471	63.421	0.500	0.032
125.862	62.792	0.500	0.031
126.255	63.719	0.500	0.032
126.644	63.368	0.500	0.032
127.034	64.221	0.500	0.032
127.420	64.134	0.500	0.032
127.808	64.158	0.500	0.032
128.195	64.416	0.500	0.032
128.578	64.573	0.500	0.032
128.961	63.994	0.500	0.032
129.345	64.901	0.500	0.032
129.726	65.025	0.500	0.033
130.105	64.757	0.500	0.032
130.483	64.007	0.500	0.032
130.860	64.332	0.500	0.032
131.238	64.171	0.500	0.032
131.615	64.935	0.500	0.032
131.989	64.332	0.500	0.032
132.363	64.489	0.500	0.032
132.735	65.514	0.500	0.033
133.107	65.075	0.500	0.033
133.484	65.095	0.500	0.033
133.853	65.062	0.500	0.033
134.222	64.372	0.500	0.032
134.592	65.748	0.500	0.033
134.959	64.412	0.500	0.032
135.324	65.906	0.500	0.033
135.689	64.787	0.500	0.032
136.074	65.802	0.500	0.033
136.416	65.725	0.500	0.033
136.777	65.062	0.500	0.033
137.141	66.013	0.500	0.033
137.500	66.722	0.500	0.033
137.860	66.371	0.500	0.033
138.217	65.668	0.500	0.033
138.576	66.964	0.500	0.033
138.932	66.381	0.500	0.033
139.292	65.631	0.500	0.033
139.647	66.394	0.500	0.033
140.001	66.746	0.500	0.033
140.355	66.458	0.500	0.033
140.706	66.538	0.500	0.033
141.058	67.061	0.500	0.034
141.408	66.776	0.500	0.033
141.758	65.501	0.500	0.033
142.106	66.867	0.500	0.033
142.453	66.897	0.500	0.033
142.801	67.888	0.500	0.034
143.166	67.215	0.500	0.034
143.490	66.646	0.500	0.033
143.834	68.142	0.500	0.034
144.178	56.966	0.500	0.028
144.519	81.833	0.500	0.041
144.860	67.088	0.500	0.034
145.202	67.482	0.500	0.034
145.541	68.132	0.500	0.034
145.880	67.965	0.500	0.034
146.223	65.999	0.500	0.033
146.562	68.798	0.500	0.034
146.918	67.265	0.500	0.034
147.234	67.084	0.500	0.034
147.568	57.100	0.500	0.029
147.901	82.041	0.500	0.041
148.237	67.774	0.500	0.034
148.568	55.881	0.500	0.028
148.899	68.437	0.500	0.034
149.229	67.807	0.500	0.034
149.560	68.283	0.500	0.034
149.891	59.819	0.500	0.030
150.218	68.152	0.500	0.034
150.544	67.165	0.500	0.034
150.868	69.244	0.500	0.035
151.192	69.244	0.500	0.035
151.520	68.119	0.500	0.034
151.843	68.176	0.500	0.034
152.167	68.671	0.500	0.034
152.490	68.383	0.500	0.034
152.810	67.349	0.500	0.034
153.129	67.982	0.500	0.034
153.450	69.227	0.500	0.035
153.767	70.459	0.500	0.035
154.090	68.768	0.500	0.034
154.406	68.818	0.500	0.034
154.721	68.410	0.500	0.034
155.038	69.361	0.500	0.035
155.354	69.180	0.500	0.035
155.667	69.314	0.500	0.035
155.981	69.488	0.500	0.035
156.294	69.816	0.500	0.035
156.605	70.011	0.500	0.035
156.917	69.562	0.500	0.035
157.226	69.418	0.500	0.035
157.537	74.972	0.500	0.037
157.845	70.021	0.500	0.035
158.152	69.773	0.500	0.035
158.463	69.009	0.500	0.035
158.770	70.031	0.500	0.035
159.076	70.814	0.500	0.035
159.382	70.533	0.500	0.035
159.687	70.258	0.500	0.035
159.996	69.836	0.500	0.035
160.299	70.764	0.500	0.035
160.603	71.273	0.500	0.036
160.906	69.414	0.500	0.035
161.207	70.405	0.500	0.035
161.507	70.697	0.500	0.035
161.808	69.656	0.500	0.035
162.109	71.423	0.500	0.036
162.407	71.698	0.500	0.036
162.704	70.241	0.500	0.035
163.001	71.618	0.500	0.036
163.299	84.883	0.500	0.042
163.596	71.246	0.500	0.036
163.891	71.112	0.500	0.036
164.186	70.714	0.500	0.035
164.480	71.356	0.500	0.036
164.772	71.681	0.500	0.036
165.065	71.393	0.500	0.036
165.358	71.768	0.500	0.036
165.650	72.558	0.500	0.036
165.940	71.765	0.500	0.036
166.229	72.116	0.500	0.036
166.519	71.952	0.500	0.036
166.809	70.780	0.500	0.035
167.096	76.958	0.500	0.038
167.383	71.310	0.500	0.036
167.670	72.659	0.500	0.036
167.956	71.306	0.500	0.036
168.246	71.755	0.500	0.036
168.531	72.270	0.500	0.036
168.814	72.210	0.500	0.036
169.098	72.877	0.500	0.036
169.382	72.304	0.500	0.036
169.665	73.248	0.500	0.037
169.946	72.063	0.500	0.036
170.228	72.913	0.500	0.036
170.507	71.152	0.500	0.036
170.788	73.462	0.500	0.037
171.065	73.482	0.500	0.037
171.344	72.491	0.500	0.036
171.622	73.740	0.500	0.037
171.900	72.260	0.500	0.036
172.175	73.784	0.500	0.037
172.452	73.466	0.500	0.037
172.728	73.767	0.500	0.037
173.002	72.572	0.500	0.036
173.277	72.311	0.500	0.036
173.551	74.169	0.500	0.037
173.827	74.015	0.500	0.037
174.099	73.797	0.500	0.037
174.372	74.172	0.500	0.037
174.642	73.128	0.500	0.037
174.913	72.702	0.500	0.036
175.181	73.754	0.500	0.037
175.449	74.340	0.500	0.037
175.716	74.293	0.500	0.037
175.983	74.112	0.500	0.037
176.250	75.116	0.500	0.038
176.515	73.593	0.500	0.037
176.783	74.420	0.500	0.037
177.045	74.175	0.500	0.037
177.312	74.162	0.500	0.037
177.576	73.871	0.500	0.037
177.839	73.961	0.500	0.037
178.101	73.981	0.500	0.037
178.362	75.153	0.500	0.038
178.623	74.366	0.500	0.037
178.882	74.092	0.500	0.037
179.143	73.710	0.500	0.037
179.404	74.932	0.500	0.037
179.663	72.953	0.500	0.036
179.923	74.346	0.500	0.037
180.178	74.500	0.500	0.037
180.435	73.965	0.500	0.037
180.691	74.400	0.500	0.037
180.964	75.394	0.500	0.038
181.205	74.581	0.500	0.037
181.459	74.772	0.500	0.037
181.711	74.196	0.500	0.037
181.966	76.225	0.500	0.038
182.224	74.393	0.500	0.037
182.487	74.782	0.500	0.037
182.727	74.166	0.500	0.037
182.978	74.795	0.500	0.037
183.228	75.438	0.500	0.038
183.478	74.852	0.500	0.037
183.728	65.658	0.500	0.033
183.977	76.549	0.500	0.038
184.224	75.290	0.500	0.038
184.471	75.793	0.500	0.038
184.720	76.549	0.500	0.038
184.965	76.124	0.500	0.038
185.212	75.327	0.500	0.038
185.458	75.458	0.500	0.038
185.705	76.576	0.500	0.038
185.949	76.261	0.500	0.038
186.193	75.870	0.500	0.038
186.437	75.833	0.500	0.038
186.680	75.846	0.500	0.038
186.923	74.905	0.500	0.037
187.164	75.933	0.500	0.038
187.407	77.209	0.500	0.039
187.646	76.653	0.500	0.038
187.885	76.131	0.500	0.038
188.126	76.603	0.500	0.038
188.365	76.861	0.500	0.038
188.602	75.686	0.500	0.038
188.840	77.175	0.500	0.039
189.081	77.289	0.500	0.039
189.318	76.569	0.500	0.038
189.550	75.769	0.500	0.038
189.790	76.091	0.500	0.038
190.026	78.434	0.500	0.039
190.260	75.351	0.500	0.038
190.494	76.817	0.500	0.038
190.727	77.356	0.500	0.039
190.959	76.700	0.500	0.038
191.193	77.196	0.500	0.039
191.425	78.321	0.500	0.039
191.656	77.293	0.500	0.039
191.888	76.111	0.500	0.038
192.117	77.420	0.500	0.039
192.347	77.159	0.500	0.039
192.576	77.437	0.500	0.039
192.806	77.607	0.500	0.039
193.034	77.872	0.500	0.039
193.262	78.478	0.500	0.039
193.489	77.641	0.500	0.039
193.718	77.182	0.500	0.039
193.944	78.016	0.500	0.039
194.169	77.872	0.500	0.039
194.395	78.277	0.500	0.039
194.619	78.083	0.500	0.039
194.843	77.571	0.500	0.039
195.067	74.159	0.500	0.037
195.290	78.471	0.500	0.039
195.512	78.167	0.500	0.039
195.734	78.742	0.500	0.039
195.954	79.338	0.500	0.040
196.174	78.224	0.500	0.039
196.393	78.950	0.500	0.039
196.614	77.895	0.500	0.039
196.833	78.287	0.500	0.039
197.052	78.310	0.500	0.039
197.270	78.364	0.500	0.039
197.491	78.595	0.500	0.039
197.709	78.381	0.500	0.039
197.926	79.101	0.500	0.040
198.143	78.870	0.500	0.039
198.359	78.019	0.500	0.039
198.640	78.498	0.500	0.039
198.985	78.177	0.500	0.039
199.334	80.236	0.500	0.040
199.695	78.146	0.500	0.039
200.066	79.101	0.500	0.040
200.480	78.193	0.500	0.039
200.908	80.058	0.500	0.040
201.321	80.152	0.500	0.040
201.671	78.555	0.500	0.039
202.069	78.796	0.500	0.039
202.468	78.910	0.500	0.039
203.245	80.095	0.500	0.040
204.551	80.631	0.500	0.040
205.991	80.055	0.500	0.040
207.456	81.287	0.500	0.041
208.917	80.875	0.500	0.040
210.363	82.452	0.500	0.041
211.793	81.418	0.500	0.041
213.206	81.796	0.500	0.041
214.601	81.672	0.500	0.041
216.001	81.997	0.500	0.041
217.364	82.797	0.500	0.041
218.703	83.232	0.500	0.042
220.038	82.325	0.500	0.041
221.360	84.920	0.500	0.042
222.668	84.357	0.500	0.042
223.964	84.273	0.500	0.042
225.268	85.358	0.500	0.043
226.539	84.679	0.500	0.042
227.782	86.239	0.500	0.043
229.049	86.219	0.500	0.043
230.280	86.436	0.500	0.043
231.510	85.968	0.500	0.043
232.750	86.309	0.500	0.043
233.962	86.611	0.500	0.043
235.167	87.491	0.500	0.044
236.361	87.585	0.500	0.044
237.548	87.990	0.500	0.044
238.727	89.081	0.500	0.045
239.888	86.875	0.500	0.043
241.066	89.239	0.500	0.045
242.210	88.894	0.500	0.044
243.358	88.593	0.500	0.044
244.495	89.671	0.500	0.045
245.627	89.701	0.500	0.045
246.749	89.795	0.500	0.045
247.865	90.987	0.500	0.045
248.974	90.099	0.500	0.045
250.076	91.245	0.500	0.046
251.169	90.200	0.500	0.045
252.270	90.230	0.500	0.045
253.351	91.512	0.500	0.046
254.422	72.408	0.500	0.036
255.486	106.760	0.500	0.053
256.544	91.596	0.500	0.046
257.595	93.304	0.500	0.047
258.645	91.720	0.500	0.046
259.684	93.437	0.500	0.047
260.713	93.260	0.500	0.047
261.737	94.030	0.500	0.047
262.755	93.042	0.500	0.047
263.769	93.106	0.500	0.047
264.774	94.234	0.500	0.047
265.775	94.901	0.500	0.047
266.767	93.993	0.500	0.047
267.761	94.462	0.500	0.047
268.741	95.008	0.500	0.048
269.716	95.420	0.500	0.048
270.685	95.918	0.500	0.048
271.648	96.340	0.500	0.048
272.607	95.035	0.500	0.048
273.560	95.774	0.500	0.048
274.504	95.379	0.500	0.048
275.444	97.991	0.500	0.049
276.381	96.056	0.500	0.048
277.314	97.325	0.500	0.049
278.242	97.525	0.500	0.049
279.168	96.464	0.500	0.048
280.091	98.352	0.500	0.049
281.010	97.974	0.500	0.049
281.924	97.914	0.500	0.049
282.834	98.031	0.500	0.049
283.737	98.892	0.500	0.049
284.642	98.008	0.500	0.049
285.534	99.096	0.500	0.050
286.422	98.975	0.500	0.049
287.304	100.134	0.500	0.050
288.195	99.240	0.500	0.050
288.999	99.595	0.500	0.050
289.607	100.516	0.500	0.050
290.137	100.130	0.500	0.050
290.640	100.331	0.500	0.050
291.130	100.180	0.500	0.050
291.623	111.025	0.500	0.056
292.115	100.020	0.500	0.050
292.607	100.124	0.500	0.050
293.102	100.770	0.500	0.050
293.595	100.006	0.500	0.050
294.089	100.027	0.500	0.050
294.587	101.875	0.500	0.051
295.081	101.527	0.500	0.051
295.576	100.907	0.500	0.050
296.100	100.161	0.500	0.050
296.563	102.126	0.500	0.051
297.057	102.196	0.500	0.051
297.548	102.153	0.500	0.051
298.038	102.511	0.500	0.051
298.527	101.744	0.500	0.051
299.016	102.005	0.500	0.051
299.529	102.913	0.500	0.051
299.950	102.431	0.500	0.051
300.325	102.280	0.500	0.051
300.591	103.432	0.500	0.052
300.738	102.176	0.500	0.051
300.784	103.438	0.500	0.052
300.738	103.174	0.500	0.052
300.635	103.445	0.500	0.052
300.492	103.251	0.500	0.052
300.328	103.070	0.500	0.052
300.158	101.329	0.500	0.051
299.999	101.697	0.500	0.051
299.859	101.905	0.500	0.051
299.746	102.377	0.500	0.051
299.671	102.270	0.500	0.051
299.637	101.724	0.500	0.051
299.644	102.474	0.500	0.051
299.690	103.013	0.500	0.052
299.767	112.204	0.500	0.056
299.862	101.754	0.500	0.051
299.965	101.500	0.500	0.051
300.058	102.635	0.500	0.051
300.139	103.133	0.500	0.052
300.196	102.410	0.500	0.051
300.230	102.002	0.500	0.051
300.239	101.717	0.500	0.051
300.192	102.397	0.500	0.051
300.005	102.330	0.500	0.051
299.764	103.100	0.500	0.052
299.511	100.977	0.500	0.050
299.256	102.183	0.500	0.051
299.007	101.741	0.500	0.051
298.760	101.982	0.500	0.051
298.520	103.241	0.500	0.052
298.284	102.625	0.500	0.051
298.053	101.878	0.500	0.051
297.827	102.297	0.500	0.051
297.604	100.974	0.500	0.050
297.387	101.771	0.500	0.051
297.171	101.118	0.500	0.051
296.960	101.550	0.500	0.051
296.755	101.131	0.500	0.051
296.552	101.620	0.500	0.051
296.354	101.627	0.500	0.051
296.158	101.844	0.500	0.051
295.965	102.367	0.500	0.051
295.775	100.365	0.500	0.050
295.587	101.161	0.500	0.051
295.403	100.676	0.500	0.050
295.222	100.793	0.500	0.050
295.044	100.612	0.500	0.050
294.867	100.612	0.500	0.050
294.692	101.470	0.500	0.051
294.522	101.731	0.500	0.051
294.353	101.135	0.500	0.051
294.185	101.312	0.500	0.051
294.021	101.228	0.500	0.051
293.858	101.731	0.500	0.051
293.697	102.839	0.500	0.051
293.539	100.817	0.500	0.050
293.384	90.809	0.500	0.045
293.229	100.786	0.500	0.050
293.077	101.121	0.500	0.051
292.927	100.354	0.500	0.050
292.776	101.138	0.500	0.051
292.629	100.542	0.500	0.050
292.485	100.847	0.500	0.050
292.341	99.990	0.500	0.050
292.199	100.559	0.500	0.050
292.060	100.549	0.500	0.050
291.922	100.093	0.500	0.050
291.785	99.675	0.500	0.050
291.651	100.877	0.500	0.050
291.519	100.358	0.500	0.050
291.388	100.374	0.500	0.050
291.257	91.418	0.500	0.046
291.120	101.067	0.500	0.051
291.000	100.120	0.500	0.050
290.876	100.271	0.500	0.050
290.752	100.605	0.500	0.050
290.629	99.819	0.500	0.050
290.509	99.641	0.500	0.050
290.388	105.678	0.500	0.053
290.271	99.370	0.500	0.050
290.153	100.733	0.500	0.050
290.037	100.659	0.500	0.050
289.923	99.725	0.500	0.050
289.810	100.749	0.500	0.050
289.697	100.351	0.500	0.050
289.587	100.331	0.500	0.050
289.477	100.220	0.500	0.050
289.370	99.548	0.500	0.050
289.265	100.254	0.500	0.050
289.159	99.645	0.500	0.050
289.055	99.554	0.500	0.050
288.953	100.371	0.500	0.050
288.851	98.814	0.500	0.049
288.750	100.378	0.500	0.050
288.651	98.754	0.500	0.049
288.553	100.485	0.500	0.050
288.458	99.571	0.500	0.050
288.359	99.326	0.500	0.050
288.265	98.710	0.500	0.049
288.171	99.641	0.500	0.050
288.079	99.363	0.500	0.050
287.987	99.802	0.500	0.050
287.895	99.176	0.500	0.050
287.805	99.236	0.500	0.050
287.718	99.809	0.500	0.050
287.631	98.597	0.500	0.049
287.544	99.872	0.500	0.050
287.458	99.548	0.500	0.050
287.373	99.477	0.500	0.050
287.288	99.112	0.500	0.050
287.204	100.009	0.500	0.050
287.122	99.387	0.500	0.050
287.042	100.083	0.500	0.050
286.960	99.548	0.500	0.050
286.883	99.263	0.500	0.050
286.803	97.716	0.500	0.049
286.725	99.986	0.500	0.050
286.649	99.621	0.500	0.050
286.573	99.959	0.500	0.050
286.498	99.601	0.500	0.050
286.425	98.952	0.500	0.049
286.352	99.146	0.500	0.050
286.280	99.554	0.500	0.050
286.207	98.523	0.500	0.049
286.137	99.601	0.500	0.050
286.066	100.766	0.500	0.050
285.996	98.295	0.500	0.049
285.928	99.685	0.500	0.050
